00000000000000000000000000000000000000000000000000
01111111111111111110000000000001111111111111111110
01111111111111111111111100111111111111111111111110
01111111100000001111111100111111110000000111111110
01111111100000001111111100111111110000000111111110
01111111111111111111111100111111111111111111111110
00011111111111111111111100111111111111111111111000
00000011111111000111111111111111100011111111000000
00000011111111000111111111111111100011111111000000
00000001111111111111100000000111111111111110000000
00000001111111111111100000000111111111111110000000
00000011111111000111111111111111100011111111000000
00000011111111000111111111111111100011111111000000
00001111111111111111111111111111111111111111110000
00001111111111111111111111111111111111111111110000
00001111111111111111100000000111111111111111110000
00001111111111111111100000000111111111111111110000
00001111111111111111111111111111111111111111110000
00001111111111111111111111111111111111111111110000
00111111111000011111111111111111111000011111111100
00111111111000011111111111111111111000011111111100
00111111111111111111111111111111111111111111111100
01111111111111111111111111111111111111111111111110
01111111111111111111100011000111111111111111111110
01111111111111111111101111110111111111111111111110
01111111111111111111101111110111111111111111111110
01111111111111111111100000000111111111111111111110
01111111111111111111111111111111111111111111111110
01111111111111111111111111111111111111111111111110
01111111100001111111111111111111111110000111111110
01111111100001111111111111111111111110000111111110
00001111111111111111111111111111111111111111110000
00001111111111111111111111111111111111111111110000
00001111111111111111100000000111111111111111110000
00001111111111111111100000000111111111111111110000
00001111111111111111111111111111111111111111110000
00001111111111111111111111111111111111111111110000
00000011111111000111111111111111100011111111000000
00000011111111000000001111110000000011111111000000
00000001111111011111100000000111111011111110000000
00000001111111011111100000000111111011111110000000
00000011111111001111111111111111110011111111000000
00000011111111001111111111111111110011111111000000
00001111111111111111111111111111111111111111110000
00001111111111111111111111111111111111111111110000
00111111111111111100000000000000111111111111111100
00111111111111111111111111111111111111111111111100
01111111111111111111111111111111111111111111111110
01111111111111111111111111111111111111111111111110
00000000000000000000000000000000000000000000000000